manufact	model	sales	resale	type	price	engine_s	horsepow	wheelbas	width	length	curb_wgt	fuel_cap	mpg	lnsales	zresale	ztype	zprice	zengine_	zhorsepo	zwheelba	zwidth	zlength	zcurb_wg	zfuel_ca	zmpg
"Acura"	"Integra"	16.919	16.36	0	21.5	1.8	140	101.2	67.3	172.4	2.639	13.2	28	2.828437250776659	-0.14956061822177805	-0.5926187754015971	-0.4104582768991945	-1.2070012417075744	-0.8103784467726188	-0.8227889226028865	-1.1153368819597367	-1.112556813283551	-1.1721235379834463	-1.222227188566414	0.9705265862180141
"Acura"	"TL"	39.384	19.875	0	28.4	3.2	225	108.1	70.3	192.9	3.517	17.2	25	3.6733596424558996	0.15733557678471297	-0.5926187754015971	0.07032257176107694	0.1331567206154277	0.6887312357336504	0.08019843087360419	-0.24624320770539193	0.4136771816035474	0.2204184508961365	-0.1933997696193712	0.27003715826500485
"Acura"	"CL"	14.114	18.225	0		3.2	225	106.9	70.6	192	3.47	17.2	26	2.6471672125786387	0.013273351532732982	-0.5926187754015971		0.1331567206154277	0.6887312357336504	-0.07684284799187115	-0.15933384027995826	0.3466717867060646	0.14587463144586318	-0.1933997696193712	0.5035336342493413
"Acura"	"RL"	8.588	29.725	0	42	3.5	210	114.6	71.4	196.6	3.85	18	22	2.1503658800165346	1.017343406319261	-0.5926187754015971	1.0179485923088587	0.42033342682749936	0.424182468232544	0.930838691394937	0.07242447285453696	0.6891438050709741	0.748569341894885	0.012365714170037557	-0.43045226968800443
"Audi"	"A4"	20.397	22.255	0	23.99	1.8	150	102.6	68.2	178	2.998	16.4	27	3.0153878312124323	0.3651344229057509	-0.5926187754015971	-0.23695910107831403	-1.2070012417075744	-0.6340126017718813	-0.6395740972598313	-0.8546087796834316	-0.6956343561436612	-0.6027356404802905	-0.39916525340877995	0.7370301102336777
"Audi"	"A6"	18.78	23.555	0	33.95	2.8	200	108.7	76.1	192	3.561	18.5	22	2.932792473780117	0.4786379943164019	-0.5926187754015971	0.4570376022052087	-0.24974555433400175	0.24781662323180645	0.15871907030634372	1.4340045625196738	0.3466717867060646	0.2902041542112865	0.1409691415384179	-0.43045226968800443
"Audi"	"A8"	1.38	39	0	62	4.2	310	113	74	198.2	3.902	23.7	21	0.3220834991691132	1.8271477331144825	-0.5926187754015971	2.4115162695850083	1.0904124079890005	2.1878409182399197	0.721450319574302	0.8256389905416341	0.8082645071109423	0.8310433549036986	1.4784447861695733	-0.6639487456723409
"BMW"	"323i"	19.747		0	26.99	2.5	170	107.3	68.4	176	3.179	16.6	26.1	2.9830015810751727		-0.5926187754015971	-0.02792394948689161	-0.5369222605460734	-0.2812809117704062	-0.024495755036713324	-0.7966692013998078	-0.844535233693622	-0.31566263366115166	-0.34772388246142705	0.5268832818477752
"BMW"	"328i"	9.231	28.675	0	33.4	2.8	193	107.3	68.5	176	3.197	16.6	24	2.2225673850080145	0.9256674447952736	-0.5926187754015971	0.4187144910801143	-0.24974555433400175	0.12436053173129018	-0.024495755036713324	-0.767699412257998	-0.844535233693622	-0.28711393685040815	-0.34772388246142705	0.036540682280668424
"BMW"	"528i"	17.527	36.125	0	38.9	2.8	193	111.4	70.9	188	3.472	18.5	24.8	2.863742549091039	1.5761302194178504	-0.5926187754015971	0.8019456023310554	-0.24974555433400175	0.12436053173129018	0.512061947753667	-0.0724244728545205	0.04887003160614293	0.14904670886927873	0.1409691415384179	0.22333786306813774
"Buick"	"Century"	91.561	12.475	0	21.975	3.1	175	109	72.7	194.6	3.368	17.5	25	4.517005416824636	-0.4887616758605312	-0.5926187754015971	-0.37736104456388586	0.037431151878070335	-0.19309798927003743	0.19797939002271256	0.4490317316980855	0.5402429275210132	-0.0159013171483485	-0.11623771319834279	0.27003715826500485
"Buick"	"Regal"	39.35	13.74	0	25.3	3.8	240	109	72.7	196.2	3.543	17.5	23	3.6724959748634123	-0.37831396983401305	-0.5926187754015971	-0.1456804182167261	0.707510133039571	0.9532800032347567	0.19797939002271256	0.4490317316980855	0.6593636295609815	0.26165545740054363	-0.11623771319834279	-0.196955793703668
"Buick"	"Park Avenue"	27.851	20.19	0	31.965	3.8	205	113.8	74.7	206.8	3.778	18.5	24	3.326868872371394	0.18483836524190927	-0.5926187754015971	0.31872601023555064	0.707510133039571	0.3359995457321752	0.8261445054846195	1.0284275145343154	1.4485382805757756	0.6343745546519123	0.1409691415384179	0.036540682280668424
"Buick"	"LeSabre"	83.257	13.36	0	27.885	3.8	205	112.2	73.5	200	3.591	17.5	25	4.421932209409769	-0.4114919368617419	-0.5926187754015971	0.0344382040712163	0.707510133039571	0.3359995457321752	0.6167561336639845	0.6807900448325767	0.9422752969059079	0.33778531556252545	-0.11623771319834279	0.27003715826500485
"Cadillac"	"DeVille"	63.729	22.525	0	39.895	4.6	275	115.3	74.5	207.2	3.978	18.5	22	4.154639718005856	0.38870824158334755	-0.5926187754015971	0.8712755942755441	1.4733146829384292	1.570560460737338	1.0224461040664656	0.9704879362506915	1.478318456085766	0.9515822969935032	0.1409691415384179	-0.43045226968800443
"Cadillac"	"Seville"	15.943	27.1	0	44.475	4.6	275	112.2	75	201		18.5	22	2.769019861425228	0.7881535025092927	-0.5926187754015971	1.1904025923717823	1.4733146829384292	1.570560460737338	0.6167561336639845	1.1153368819597491	1.0167257356808883		0.1409691415384179	-0.43045226968800443
"Cadillac"	"Eldorado"	6.536	25.725	0	39.665	4.6	275	108	75.5	200.6	3.843	19	22	1.8773253575577018	0.6681016481326426	-0.5926187754015971	0.8552495659868682	1.4733146829384292	1.570560460737338	0.0671116576348152	1.2601858276688065	0.9869455601708957	0.7374670709129292	0.26957256890679826	-0.43045226968800443
"Cadillac"	"Catera"	11.185	18.225	0	31.01	3	200	107.4	70.3	194.8	3.77	18	22	2.414573594942093	0.013273351532732982	-0.5926187754015971	0.25218315364561467	-0.05829441685928703	0.24781662323180645	-0.011408981797922471	-0.24624320770539193	0.5551330152760106	0.6216862449582486	0.012365714170037557	-0.43045226968800443
"Cadillac"	"Escalade"	14.785		1	46.225	5.7	255	117.5	77	201.2	5.572	30	15	2.6936131533044407		1.6766775108923242	1.3123397641334453	2.52629593904936	1.217828770735863	1.31035511531984	1.6947326647959788	1.0316158234358836	3.4797280034559797	3.098847971011166	-2.0649276015783595
"Chevrolet"	"Cavalier"	145.519	9.25	0	13.26	2.2	115	104.1	67.9	180.9	2.676	14.3	27	4.980306662278614	-0.7703378433984923	-0.5926187754015971	-0.9846081599369682	-0.8240989667581451	-1.2512930592744627	-0.44327249867798524	-0.9415181471088653	-0.47972808369621756	-1.1134401056502514	-0.9392996483559769	0.7370301102336777
"Chevrolet"	"Malibu"	135.126	11.225	0	16.535	3.1	170	107	69.4	190.4	3.051	15	25	4.90620767648703	-0.5978997252938495	-0.5926187754015971	-0.7564114527829986	0.037431151878070335	-0.2812809117704062	-0.06375607475308216	-0.5069713099816929	0.22755108466609636	-0.518675588759769	-0.7592548500402445	0.27003715826500485
"Chevrolet"	"Lumina"	24.629	10.31	0	18.89	3.1	175	107.5	72.5	200.9	3.33	16.6	25	3.2039246104149885	-0.6777887774790383	-0.5926187754015971	-0.592318858783732	0.037431151878070335	-0.19309798927003743	0.0016777914408665211	0.39109215341446174	1.0092806918033908	-0.0761707881932504	-0.34772388246142705	0.27003715826500485
"Chevrolet"	"Monte Carlo"	42.593	11.525	0	19.39	3.4	180	110.5	72.7	197.9	3.34	17	27	3.7516899205246115	-0.571706593429853	-0.5926187754015971	-0.5574796668518283	0.324607858090142	-0.10491506676966865	0.3942809886045586	0.4490317316980855	0.7859293754784494	-0.060310401076171215	-0.24484114056672315	0.7370301102336777
"Chevrolet"	"Camaro"	26.402	13.025	0	24.34	3.8	200	101.1	74.1	193.2	3.5	16.8	25	3.273439764858568	-0.4407409341098711	-0.5926187754015971	-0.21257166672598132	0.707510133039571	0.24781662323180645	-0.8358756958416773	0.854608779683444	0.4360123132360402	0.19345579279710143	-0.2962825115140751	0.27003715826500485
"Chevrolet"	"Corvette"	17.947	36.225	0	45.705	5.7	345	104.5	73.6	179.7	3.21	19.1	22	2.8874229700471394	1.584861263372516	-0.5926187754015971	1.2761070045242653	2.52629593904936	2.805121375742501	-0.3909254057228256	0.7097598339743865	-0.5690686102261954	-0.2664954335982049	0.2952932543804747	-0.43045226968800443
"Chevrolet"	"Prizm"	32.299	9.125	0	13.96	1.8	120	97.1	66.7	174.3	2.398	13.2	33	3.475036269997026	-0.7812516483418241	-0.5926187754015971	-0.9358332912323029	-1.2070012417075744	-1.163110136774094	-1.3593466253932667	-1.289155616810604	-0.9711009796110879	-1.5543588675050621	-1.222227188566414	2.1380089661396964
"Chevrolet"	"Metro"	21.855	5.16	0	9.235	1	55	93.1	62.6	149.4	1.895	10.3	45	3.084429728315278	-1.1274375411443096	-0.5926187754015971	-1.2650636549887933	-1.9728057916064325	-2.309488129278888	-1.8828175549448563	-2.476916971624876	-2.8249169051081005	-2.352136339494163	-1.9681270673030198	4.939966677951733
"Chevrolet"	"Impala"	107.995		0	18.89	3.4	180	110.5	73	200	3.389	17	27	4.682084929756217		-0.5926187754015971	-0.592318858783732	0.324607858090142	-0.10491506676966865	0.3942809886045586	0.5359410991235192	0.9422752969059079	0.01740549579751836	-0.24484114056672315	0.7370301102336777
"Chrysler"	"Sebring Coupe"	7.854	12.36	0	19.84	2.5	163	103.7	69.7	190.9	2.967	15.9	24	2.061022956155818	-0.4988023764083965	-0.5926187754015971	-0.526124394113115	-0.5369222605460734	-0.4047370032709225	-0.49561959163314306	-0.4200619425562592	0.26477630405358654	-0.6519028405432372	-0.5277686807771599	0.036540682280668424
"Chrysler"	"Sebring Conv."	32.775	14.18	0	24.495	2.5	168	106	69.2	193	3.332	16	24	3.4896660296497637	-0.33989737643348505	-0.5926187754015971	-0.20177151722709108	-0.5369222605460734	-0.3165540807705537	-0.19462380714097952	-0.5649108882653167	0.421122225481045	-0.07299871076983484	-0.5020479953034839	0.036540682280668424
"Chrysler"	"Concorde"	31.148	13.725	0	22.245	2.7	200	113	74.4	209.1	3.452	17	26	3.4387500377147395	-0.3796236264272129	-0.5926187754015971	-0.35854788092065787	-0.3454711230713587	0.24781662323180645	0.721450319574302	0.9415181471088817	1.6197742897582292	0.11732593463511964	-0.24484114056672315	0.5035336342493413
"Chrysler"	"Cirrus"	32.306	12.64	0	16.48	2	132	108	71	186	2.911	16	27	3.475252971491566	-0.47435545333533313	-0.5926187754015971	-0.760243763895508	-1.0155501042328599	-0.9514711227732089	0.0671116576348152	-0.04345468371271065	-0.10003084594381789	-0.7407210083988827	-0.5020479953034839	0.7370301102336777
"Chrysler"	"LHS"	13.462	17.325	0	28.34	3.5	253	113	74.4	207.7	3.564	17	23	2.5998709015885213	-0.06530604405925636	-0.5926187754015971	0.06614186872924857	0.42033342682749936	1.1825556017357155	0.721450319574302	0.9415181471088817	1.5155436754732563	0.2949622703464105	-0.24484114056672315	-0.196955793703668
"Chrysler"	"Town & Country"	53.48	19.54	1										3.9793077522337423	0.1280865795365836	1.6766775108923242									
"Chrysler"	"300M"	30.696		0	29.185	3.5	253	113	74.4	197.8	3.567	17	23	3.4241323529446515		-0.5926187754015971	0.1250201030941658	0.42033342682749936	1.1825556017357155	0.721450319574302	0.9415181471088817	0.7784843316009519	0.29972038648153454	-0.24484114056672315	-0.196955793703668
"Dodge"	"Neon"	76.034	7.75	0	12.64	2	132	105	74.4	174.4	2.567	12.5	29	4.3311806086679665	-0.9013035027184743	-0.5926187754015971	-1.0278087579325288	-1.0155501042328599	-0.9514711227732089	-0.3254915395288769	0.9415181471088817	-0.9636559357335903	-1.286318325226418	-1.4022719868821463	1.2040230622023504
"Dodge"	"Avenger"	4.734	12.545	0	19.045	2.5	163	103.7	69.1	190.2	2.879	15.9	24	1.5547705110917922	-0.48264994509226533	-0.5926187754015971	-0.5815187092848417	-0.5369222605460734	-0.4047370032709225	-0.49561959163314306	-0.5938806774071307	0.212660996911099	-0.7914742471735372	-0.5277686807771599	0.036540682280668424
"Dodge"	"Stratus"	71.186	10.185	0	20.23	2.5	168	108	71	186	3.058	16	24	4.265296169870389	-0.6887025824223701	-0.5926187754015971	-0.49894982440623	-0.5369222605460734	-0.3165540807705537	0.0671116576348152	-0.04345468371271065	-0.10003084594381789	-0.5075733177778139	-0.5020479953034839	0.036540682280668424
"Dodge"	"Intrepid"	88.028	12.275	0	22.505	2.7	202	113	74.7	203.7	3.489	17		4.477654945687289	-0.5062237637698621	-0.5926187754015971	-0.34043150111606807	-0.3454711230713587	0.28308979223195396	0.721450319574302	1.0284275145343154	1.2177419203733346	0.17600936696831376	-0.24484114056672315	
"Dodge"	"Viper"	0.916	58.47	0	69.725	8	450	96.2	75.7	176.7	3.375	19	16	-0.08773891430800675	3.5270819910878477	-0.5926187754015971	2.9497817849329206	4.727984020008577	4.656962748250245	-1.4771275845423733	1.3181254059524303	-0.7924199265511366	-0.004799046166392644	0.26957256890679826	-1.831431125594023
"Dodge"	"Ram Pickup"	227.061	15.06	1	19.46	5.2	230	138.7	79.3	224.2	4.47	26	17	5.425218703848948	-0.26306418963242895	1.6766775108923242	-0.5526021799813617	2.047668095362573	0.7769141582340191	4.084751041943263	2.3610378150576423	2.743975915260433	1.7319133431538152	2.0700205520641233	-1.5979346496096865
"Dodge"	"Ram Wagon"	16.767	15.51	1	21.315	3.9	175	109.6	78.8	192.6	4.245	32	15	2.8194126689556707	-0.22377449183643444	1.6766775108923242	-0.42334877791399883	0.8032357017769284	-0.19309798927003743	0.2765000294554502	2.216188869348585	0.39134204997105243	1.3750546330195264	3.6132616804846873	-2.0649276015783595
"Dodge"	"Ram Van"	31.038	13.425	1	18.575	3.9	175	127.2	78.8	208.5	4.298	32	16	3.435212260249433	-0.4058167582912092	1.6766775108923242	-0.6142675497008314	0.8032357017769284	-0.19309798927003743	2.579772119482445	2.216188869348585	1.5751040264932414	1.4591146847400478	3.6132616804846873	-1.831431125594023
"Dodge"	"Dakota"	111.313	11.26	1	16.98	2.5	120	131	71.5	215	3.557	22	19	4.712346052898298	-0.5948438599097166	1.6766775108923242	-0.7254045719636043	-0.5369222605460734	-1.163110136774094	3.0770695025564545	0.10139426199634681	2.059031878530614	0.28385999936445466	1.0411931331170803	-1.1309416976410136
"Dodge"	"Durango"	101.323		1	26.31	5.2	230	115.7	71.7	193.5	4.394	25	17	4.618313433854232		1.6766775108923242	-0.07530525051428068	2.047668095362573	0.7769141582340191	1.0747931970216253	0.1593338402799706	0.4583474448685352	1.6113744010640114	1.8128136973273625	-1.5979346496096865
"Dodge"	"Caravan"	181.749	12.025	1	19.565	2.4	150	113.3	76.8	186.3	3.533	20	24	5.202626614335219	-0.5280513736565258	1.6766775108923242	-0.5452859496756619	-0.6326478292834308	-0.6340126017718813	0.7607106392906708	1.636793086512355	-0.07769571431132292	0.24579507028346376	0.526779423643559	0.036540682280668424
"Ford"	"Escort"	70.227	7.425	0	12.07	2	110	98.4	67	174.7	2.468	12.7	30	4.251732852470844	-0.929679395571137	-0.5926187754015971	-1.067525436734899	-1.0155501042328599	-1.3394759817748316	-1.1892185732889986	-1.2022462493851704	-0.9413208041010974	-1.4433361576855057	-1.3508306159347945	1.437519538186687
"Ford"	"Mustang"	113.369	12.76	0	21.56	3.8	190	101.3	73.1	183.2	3.203	15.7	24	4.730647985314941	-0.4638782005897346	-0.5926187754015971	-0.4062775738673662	0.707510133039571	0.0714507782310689	-0.8097021493640975	0.564910888265329	-0.3084920745137639	-0.27759770458016075	-0.5792100517245122	0.036540682280668424
"Ford"	"Contour"	35.068	8.835	0	17.035	2.5	170	106.5	69.1	184.6	2.769	15	25	3.557289033726339	-0.8065716758103539	-0.5926187754015971	-0.7215722608510949	-0.5369222605460734	-0.2812809117704062	-0.12918994094703085	-0.5938806774071307	-0.2042614602287909	-0.9659385054614118	-0.7592548500402445	0.27003715826500485
"Ford"	"Taurus"	245.815	10.055	0	17.885	3	155	108.5	73	197.6	3.368	16	24	5.5045792204937305	-0.7000529395634354	-0.5926187754015971	-0.6623456345668585	-0.05829441685928703	-0.5458296792715125	0.1325455238287639	0.5359410991235192	0.7635942438459545	-0.0159013171483485	-0.5020479953034839	0.036540682280668424
"Ford"	"Focus"	175.67		0	12.315	2	107	103	66.9	174.8	2.564	13.2	30	5.168607235025291		-0.5926187754015971	-1.0504542326882662	-1.0155501042328599	-1.3923857352750528	-0.5872270043046716	-1.2312160385269801	-0.9338757602235976	-1.291076441361542	-1.222227188566414	1.437519538186687
"Ford"	"Crown Victoria"	63.403	14.21	0	22.195	4.6	200	114.7	78.2	212	3.908	19	21	4.149511178935677	-0.33727806324708537	-0.5926187754015971	-0.36203180011384833	1.4733146829384292	0.24781662323180645	0.9439254646337278	2.0423701344977174	1.8356805622056729	0.840559587173946	0.26957256890679826	-0.6639487456723409
"Ford"	"Explorer"	276.747	16.64	1	31.93	4	210	111.6	70.2	190.7	3.876	21	19	5.623103731421591	-0.12511369514871465	1.6766775108923242	0.3162872668003174	0.8989612705142858	0.424182468232544	0.538235494231245	-0.27521299684720174	0.2498862162985892	0.7898063483992914	0.7839862783803196	-1.1309416976410136
"Ford"	"Windstar"	155.787	13.175	1	21.41	3	150	120.7	76.6	200.9	3.761	26	21	5.048489689647225	-0.4276443681778729	1.6766775108923242	-0.4167293314469372	-0.05829441685928703	-0.6340126017718813	1.729131858961112	1.5788535082287312	1.0092806918033908	0.6074118965528773	2.0700205520641233	-0.6639487456723409
"Ford"	"Expedition"	125.338	23.575	1	36.135	4.6	240	119	78.7	204.6	4.808	26	16	4.831014088071168	0.480384203107335	1.6766775108923242	0.6092848709476277	1.4733146829384292	0.9532800032347567	1.5066567139016862	2.1872190802067752	1.2847473152708173	2.2679944277111033	2.0700205520641233	-1.831431125594023
"Ford"	"Ranger"	220.65	7.85	1	12.05	2.5	119	117.5	69.4	200.7	3.086	20	23	5.396577735715557	-0.8925724587638088	1.6766775108923242	-1.068919004412175	-0.5369222605460734	-1.1807467212741678	1.31035511531984	-0.5069713099816929	0.9943906040483933	-0.4631642338499912	0.526779423643559	-0.196955793703668
"Ford"	"F-Series"	540.561	15.075	1	26.935	4.6	220	138.5	79.1	224.5	4.241	25.1	18	6.2926074891756105	-0.26175453303922924	1.6766775108923242	-0.031756260599401	1.4733146829384292	0.6005483132332816	4.058577495465685	2.3030982367740185	2.766311046892928	1.3687104781726938	1.838534382801039	-1.3644381736253501
"Honda"	"Civic"	199.685	9.85	0	12.885	1.6	106	103.2	67.1	175.1	2.339	11.9	32	5.2967411249316685	-0.7179515796704996	-0.5926187754015971	-1.0107375538858958	-1.398452379182289	-1.4100223197751265	-0.5610534578270917	-1.1732764602433605	-0.9115406285911049	-1.6479351514958316	-1.5565960997242028	1.9045124901553598
"Honda"	"Accord"	230.902	13.21	0	15.35	2.3	135	106.9	70.3	188.8	2.932	17.1	27	5.441993378081274	-0.42458850279373994	-0.5926187754015971	-0.8389803376616105	-0.7283733980207882	-0.8985613692729877	-0.07684284799187115	-0.24624320770539193	0.10843038262612811	-0.7074141954530158	-0.2191204550930467	0.7370301102336777
"Honda"	"CR-V"	73.203	17.71	1	20.55	2	146	103.2	68.9	177.6	3.219	15.3	24	4.293236403734018	-0.03169152483379419	1.6766775108923242	-0.4766527415698116	-1.0155501042328599	-0.7045589397721763	-0.5610534578270917	-0.6518202556907503	-0.7254145316536538	-0.2522210851928335	-0.6820927936192162	0.036540682280668424
"Honda"	"Passport"	12.855	17.525	1	26.6	3.2	205	106.4	70.4	178.2	3.857	21.1	19	2.553732840717853	-0.047843956149925496	1.6766775108923242	-0.05509851919377632	0.1331567206154277	0.3359995457321752	-0.14227671418581983	-0.21727341856357796	-0.680744268388666	0.7596716128768409	0.8097069638539961	-1.1309416976410136
"Honda"	"Odyssey"	76.029	19.49	1	26	3.5	210	118.1	75.6	201.2	4.288	20	23	4.3311148464509674	0.12372105755925081	1.6766775108923242	-0.0969055495120609	0.42033342682749936	0.424182468232544	1.3888757547525779	1.2891556168106164	1.0316158234358836	1.4432542976229685	0.526779423643559	-0.196955793703668
"Hyundai"	"Accent"	41.184	5.86	0	9.699	1.5	92	96.1	65.7	166.7	2.24	11.9	31	3.7180498314137163	-1.0663202334616515	-0.5926187754015971	-1.2327328848759864	-1.4941779479196462	-1.656934502776159	-1.4902143577811642	-1.578853508228719	-1.5369243143009408	-1.8049529839549185	-1.5565960997242028	1.6710160141710233
"Hyundai"	"Elantra"	66.692	7.825	0	11.799	2	140	100.4	66.9	174	2.626	14.5	27	4.200085005698212	-0.8947552197524751	-0.5926187754015971	-1.0864082787619909	-1.0155501042328599	-0.8103784467726188	-0.927483108513204	-1.2312160385269801	-0.9934361112435829	-1.1927420412356493	-0.8878582774086249	0.7370301102336777
"Hyundai"	"Sonata"	29.45	8.91	0	14.999	2.4	148	106.3	71.6	185.4	3.072	17.2	25	3.3826939100975957	-0.8000233928443549	-0.5926187754015971	-0.8634374503978068	-0.6326478292834308	-0.6692857707720288	-0.15536348742461067	0.13036405113815666	-0.14470110920880572	-0.4853687758139022	-0.1933997696193712	0.27003715826500485
"Infiniti"	"I30"	23.713	19.69	0	29.465	3	227	108.3	70.2	193.7	3.342	18.5	25	3.1660234209639726	0.141183145468582	-0.5926187754015971	0.144530050576032	-0.05829441685928703	0.7240044047337979	0.10637197735118403	-0.27521299684720174	0.47323753262353047	-0.05713832365275495	0.1409691415384179	0.27003715826500485
"Jaguar"	"S-Type"	15.467		0	42.8	3	240	114.5	71.6	191.3	3.65	18.4	21	2.738708722056003		-0.5926187754015971	1.0736912993999044	-0.05829441685928703	0.9532800032347567	0.9177519181561481	0.13036405113815666	0.29455647956357917	0.43136159955329423	0.11524845606474148	-0.6639487456723409
"Jeep"	"Wrangler"	55.557	13.475	1	14.46	2.5	120	93.4	66.7	152	3.045	19	17	4.017409520747978	-0.4014512363138766	1.6766775108923242	-0.9009940993003991	-0.5369222605460734	-1.163110136774094	-1.8435572352284855	-1.289155616810604	-2.631345764293152	-0.5281918210300172	0.26957256890679826	-1.5979346496096865
"Jeep"	"Cherokee"	80.556	13.775	1	21.62	4	190	101.4	69.4	167.5	3.194	20	20	4.388952594744615	-0.37525810444988017	1.6766775108923242	-0.4020968708355376	0.8989612705142858	0.0714507782310689	-0.7966153761253066	-0.5069713099816929	-1.4773639632809556	-0.29187205298553215	0.526779423643559	-0.8974452216566773
"Jeep"	"Grand Cherokee"	157.04	18.81	1	26.895	4	195	105.9	72.3	181.5	3.88	20.5	19	5.056500549968206	0.0643499586675257	1.6766775108923242	-0.03454339595395324	0.8989612705142858	0.15963370073143768	-0.2077105803797685	0.3331525751308379	-0.43505782043122976	0.7961505032461232	0.6553828510119393	-1.1309416976410136
"Lexus"	"ES300"	24.072	26.975	0	31.505	3	210	105.1	70.5	190.2	3.373	18.5	23	3.181049339327744	0.7772396975659609	-0.5926187754015971	0.28667395365819914	-0.05829441685928703	0.424182468232544	-0.3124047662900879	-0.18830362942176812	0.212660996911099	-0.0079711235898082	0.1409691415384179	-0.196955793703668
"Lexus"	"GS300"	12.698	32.075	0	37.805	3	225	110.2	70.9	189.2	3.638	19.8	23	2.5414445007482582	1.2225229392538994	-0.5926187754015971	0.7256477720001863	-0.05829441685928703	0.6887312357336504	0.3550206688881898	-0.0724244728545205	0.13821055813611857	0.4123291350127988	0.475338052696207	-0.196955793703668
"Lexus"	"GS400"	3.334		0	46.305	4	300	110.2	70.9	189.2	3.693	19.8	21	1.2041727843286023		-0.5926187754015971	1.3179140348425498	0.8989612705142858	2.011475073239182	0.3550206688881898	-0.0724244728545205	0.13821055813611857	0.4995612641567364	0.475338052696207	-0.6639487456723409
"Lexus"	"LS400"	6.375	40.375	0	54.005	4	290	112.2	72	196.7	3.89	22.5	22	1.8523840910444898	1.9471995874911325	-0.5926187754015971	1.8544375905938675	0.8989612705142858	1.8351092282384445	0.6167561336639845	0.24624320770540428	0.6965888489484717	0.8120108903632032	1.1697965604854608	-0.43045226968800443
"Lexus"	"LX470"	9.126		1	60.105	4.7	230	112.2	76.4	192.5	5.401	25.4	15	2.2111274825052107		1.6766775108923242	2.279475732163093	1.5690402516757869	0.7769141582340191	0.6167561336639845	1.5209139299451115	0.3838970060935548	3.208515383753919	1.9156964392220663	-2.0649276015783595
"Lexus"	"RX300"	51.238		1	34.605	3	220	103	71.5	180.1	3.9	17.2	21	3.9364814442605196		1.6766775108923242	0.5026769436360022	-0.05829441685928703	0.6005483132332816	-0.5872270043046716	0.10139426199634681	-0.5392884347162028	0.8278712774802823	-0.1933997696193712	-0.6639487456723409
"Lincoln"	"Continental"	13.798	20.525	0	39.08	4.6	275	109	73.6	208.5	3.868	20	22	2.6245236541239167	0.21408736249003835	-0.5926187754015971	0.8144877114265408	1.4733146829384292	1.570560460737338	0.19797939002271256	0.7097598339743865	1.5751040264932414	0.7771180387056278	0.526779423643559	-0.43045226968800443
"Lincoln"	"Town car"	48.911	21.725	0	43.33	4.6	215	117.7	78.2	215.3	4.121	19	21	3.8900023200588776	0.31885988994602416	-0.5926187754015971	1.1106208428477224	1.4733146829384292	0.5123653907329128	1.33652866179742	2.0423701344977174	2.081367010163109	1.1783858327677408	0.26957256890679826	-0.6639487456723409
"Lincoln"	"Navigator"	22.925		1	42.66	5.4	300	119	79.9	204.8	5.393	30	15	3.1322280181425284		1.6766775108923242	1.0639363256589713	2.239119232837288	2.011475073239182	1.5066567139016862	2.534856549908514	1.2996374030258147	3.1958270740602557	3.098847971011166	-2.0649276015783595
"Mitsubishi"	"Mirage"	26.232	8.325	0	13.987	1.8	113	98.4	66.5	173.6	2.25	13.2	30	3.266980039542347	-0.8510999999791479	-0.5926187754015971	-0.9339519748679801	-1.2070012417075744	-1.2865662282746102	-1.1892185732889986	-1.3470951950942278	-1.0232162867535755	-1.7890925968378395	-1.222227188566414	1.437519538186687
"Mitsubishi"	"Eclipse"	42.541	10.395	0	19.047	2.4	154	100.8	68.9	175.4	2.91	15.9	24	3.750468316783058	-0.6703673901175728	-0.5926187754015971	-0.5813793525171143	-0.6326478292834308	-0.5634662637715863	-0.8751360155580462	-0.6518202556907503	-0.8892054969586098	-0.7423070471105904	-0.5277686807771599	0.036540682280668424
"Mitsubishi"	"Galant"	55.616	10.595	0	17.357	2.4	145	103.7	68.5	187.8	2.945	16.3	25	4.018470929642927	-0.6529053022082418	-0.5926187754015971	-0.699135821246949	-0.6326478292834308	-0.7221955242722501	-0.49561959163314306	-0.767699412257998	0.03397994385114769	-0.6867956922008126	-0.42488593888245546	0.27003715826500485
"Mitsubishi"	"Diamante"	5.711	16.575	0	24.997	3.5	210	107.1	70.3	194.1	3.443	19	22	1.7423941396827258	-0.13078887371924733	-0.5926187754015971	-0.1667929685274598	0.42033342682749936	0.424182468232544	-0.050669301514293164	-0.24624320770539193	0.503017708133523	0.10305158622974823	0.26957256890679826	-0.43045226968800443
"Mitsubishi"	"3000GT"	0.11	20.94	0	25.45	3	161	97.2	72.4	180.3	3.131	19.8	21	-2.2072749131897207	0.25032119490190025	-0.5926187754015971	-0.13522866063715505	-0.05829441685928703	-0.44001017227107	-1.346259852154476	0.3621223642726519	-0.5243983469612054	-0.39179249182313347	0.475338052696207	-0.6639487456723409
"Mitsubishi"	"Montero"	11.337	19.125	1	31.807	3.5	200	107.3	69.9	186.6	4.52	24.3	18	2.4280717130354614	0.09185274712472201	1.6766775108923242	0.307716825585069	0.42033342682749936	0.24781662323180645	-0.024495755036713324	-0.36212236427263544	-0.05536058267883007	1.8112152787392124	1.6327688990116302	-1.3644381736253501
"Mitsubishi"	"Montero Sport"	39.348	13.88	1	22.527	3	173	107.3	66.7	178.3	3.51	19.5	20	3.6724451476505116	-0.36609050829748135	1.6766775108923242	-0.33889857667106416	-0.05829441685928703	-0.22837115827018492	-0.024495755036713324	-1.289155616810604	-0.6732992245111662	0.20931617991418064	0.39817599627517863	-0.8974452216566773
"Mercury"	"Mystique"	14.351	8.8	0	16.24	2	125	106.5	69.1	184.8	2.769	15	28	2.6638196261887948	-0.8096275411944868	-0.5926187754015971	-0.7769665760228219	-1.0155501042328599	-1.0749272142737252	-0.12918994094703085	-0.5938806774071307	-0.18937137247379354	-0.9659385054614118	-0.7592548500402445	0.9705265862180141
"Mercury"	"Cougar"	26.529	13.89	0	16.54	2	125	106.4	69.6	185	2.892	16	30	3.2782384742617077	-0.36521740390201485	-0.5926187754015971	-0.7560630608636797	-1.0155501042328599	-1.0749272142737252	-0.14227671418581983	-0.4490317316980732	-0.1744812847187983	-0.7708557439213339	-0.5020479953034839	1.437519538186687
"Mercury"	"Sable"	67.956	11.03	0	19.035	3	153	108.5	73	199.7	3.379	16	24	4.218860436919669	-0.6149252610054472	-0.5926187754015971	-0.58221549312348	-0.05829441685928703	-0.58110284827166	0.1325455238287639	0.5359410991235192	0.9199401652734129	0.0015451086804391721	-0.5020479953034839	0.036540682280668424
"Mercury"	"Grand Marquis"	81.174	14.875	0	22.605	4.6	200	114.7	78.2	212	3.958	19	21	4.396594998849278	-0.2792166209485601	-0.5926187754015971	-0.33346366272968725	1.4733146829384292	0.24781662323180645	0.9439254646337278	2.0423701344977174	1.8356805622056729	0.9198615227593441	0.26957256890679826	-0.6639487456723409
"Mercury"	"Mountaineer"	27.609	20.43	1	27.56	4	210	111.6	70.2	190.1	3.876	21	18	3.3181418065248294	0.20579287073310626	1.6766775108923242	0.01179272931547867	0.8989612705142858	0.424182468232544	0.538235494231245	-0.27521299684720174	0.20521595303360138	0.7898063483992914	0.7839862783803196	-1.3644381736253501
"Mercury"	"Villager"	20.38	14.795	1	22.51	3.3	170	112.2	74.9	194.7	3.944	20	21	3.0145540277945786	-0.2862014561122925	1.6766775108923242	-0.3400831091967489	0.22888228935278465	-0.2812809117704062	0.6167561336639845	1.0863670928179392	0.5476879713985109	0.8976569807954323	0.526779423643559	-0.6639487456723409
"Mercedes-Benz"	"C-Class"	18.392	26.05	0	31.75	2.3	185	105.9	67.7	177.4	3.25	16.4	26	2.9119157874608805	0.6964775409853052	-0.5926187754015971	0.30374515770483207	-0.7283733980207882	-0.016732144269299868	-0.2077105803797685	-0.9994577253924891	-0.740304619408649	-0.20305388512988673	-0.39916525340877995	0.5035336342493413
"Mercedes-Benz"	"E-Class"	27.602	41.45	0	49.9	3.2	221	111.5	70.8	189.4	3.823	21.1	25	3.3178882338658484	2.0410583100037867	-0.5926187754015971	1.5684078248329376	0.1331567206154277	0.6181848977333553	0.5251487209924559	-0.10139426199633446	0.15310064589111594	0.7057462966787701	0.8097069638539961	0.27003715826500485
"Mercedes-Benz"	"S-Class"	16.774	50.375	0	69.7	4.3	275	121.5	73.1	203.1	4.133	23.2	21	2.81983006856222	2.820303982957679	-0.5926187754015971	2.948039825336326	1.1861379767263573	1.570560460737338	1.8338260448714296	0.564910888265329	1.1730716571083468	1.1974182973082355	1.349841358801193	-0.6639487456723409
"Mercedes-Benz"	"SL-Class"	3.311	58.6	0	82.6	5	302	99	71.3	177.1	4.125	21.1	20	1.1972502585651092	3.538432348228913	-0.5926187754015971	3.8468909771794415	1.8562169578878585	2.0467482422393295	-1.110697933856261	0.043454683712723	-0.762639751041144	1.1847299876145718	0.8097069638539961	-0.8974452216566773
"Mercedes-Benz"	"SLK"	7.998		0	38.9	2.3	190	94.5	67.5	157.9	3.055	15.9	26	2.079191510424627		-0.5926187754015971	0.8019456023310554	-0.7283733980207882	0.0714507782310689	-1.6996027296017993	-1.0573973036761128	-2.1920881755207673	-0.5123314339129372	-0.5277686807771599	0.5035336342493413
"Mercedes-Benz"	"SLK230"	1.526		0	41	2.3	185	94.5	67.5	157.3	2.975	14	27	0.42264993286226527		-0.5926187754015971	0.9482702084450512	-0.7283733980207882	-0.016732144269299868	-1.6996027296017993	-1.0573973036761128	-2.236758438785755	-0.6392145308495736	-1.0164617047770053	0.7370301102336777
"Mercedes-Benz"	"CLK Coupe"	11.592		0	41.6	3.2	215	105.9	67.8	180.3	3.213	16.4	26	2.450315205018381		-0.5926187754015971	0.9900772387633358	0.1331567206154277	0.5123653907329128	-0.2077105803797685	-0.9704879362506792	-0.5243983469612054	-0.2617373174630809	-0.39916525340877995	0.5035336342493413
"Mercedes-Benz"	"CL500"	0.954		0	85.5	5	302	113.6	73.1	196.6	4.115	23.2	20	-0.04709160753385057		-0.5926187754015971	4.048958290384483	1.8562169578878585	2.0467482422393295	0.7999709590070396	0.564910888265329	0.6891438050709741	1.1688696004974928	1.349841358801193	-0.8974452216566773
"Mercedes-Benz"	"M-Class"	28.976		1	35.3	3.2	215	111	72.2	180.6	4.387	19	20	3.3664679011410574		1.6766775108923242	0.5511034204213484	0.1331567206154277	0.5123653907329128	0.45971485479850727	0.3041827859890281	-0.5020632153287126	1.6002721300820548	0.26957256890679826	-0.8974452216566773
"Nissan"	"Sentra"	42.643	8.45	0	13.499	1.8	126	99.8	67.3	177.5	2.593	13.2	30	3.752863133855484	-0.840186195035816	-0.5926187754015971	-0.967955026193518	-1.2070012417075744	-1.0572906297736515	-1.0060037479459436	-1.1153368819597367	-0.7328595755311514	-1.2450813187220118	-1.222227188566414	1.437519538186687
"Nissan"	"Altima"	88.094	11.295	0	20.39	2.4	155	103.1	69.1	183.5	3.012	15.9	25	4.478404426196135	-0.5917879945255836	-0.5926187754015971	-0.4878012829880208	-0.6326478292834308	-0.5458296792715125	-0.5741402310658826	-0.5938806774071307	-0.2861569428812689	-0.5805310985163794	-0.5277686807771599	0.27003715826500485
"Nissan"	"Maxima"	79.853	15.125	0	26.249	3	222	108.3	70.3	190.5	3.294	18.5	25	4.380187444399853	-0.25738901106189643	-0.5926187754015971	-0.07955563192997292	-0.05829441685928703	0.635821482233429	0.10637197735118403	-0.24624320770539193	0.23499612854359397	-0.13326818181473676	0.1409691415384179	0.27003715826500485
"Nissan"	"Quest"	27.308	15.38	1	26.399	3.3	170	112.2	74.9	194.8	3.991	20	21	3.307179699556034	-0.23512484897749944	1.6766775108923242	-0.06910387435040166	0.22888228935278465	-0.2812809117704062	0.6167561336639845	1.0863670928179392	0.5551330152760106	0.9722008002457063	0.526779423643559	-0.6639487456723409
"Nissan"	"Pathfinder"	42.574	17.81	1	29.299	3.3	170	106.3	71.7	182.6	3.947	21	19	3.751243738310486	-0.022960480879128917	1.6766775108923242	0.1329634388546399	0.22888228935278465	-0.2812809117704062	-0.15536348742461067	0.1593338402799706	-0.3531623377787517	0.9024150969305564	0.7839862783803196	-1.1309416976410136
"Nissan"	"Xterra"	54.158		1	22.799	3.3	170	104.3	70.4	178	3.821	19.4	18	3.991905700300317		1.6766775108923242	-0.31994605626010864	0.22888228935278465	-0.2812809117704062	-0.4170989522004054	-0.21727341856357796	-0.6956343561436612	0.7025742192553546	0.3724553108015022	-1.3644381736253501
"Nissan"	"Frontier"	65.005		1	17.89	3.3	170	116.1	66.5	196.1	3.217	19.4	18	4.174464190014132		1.6766775108923242	-0.6619972426475395	0.22888228935278465	-0.2812809117704062	1.127140289976783	-1.3470951950942278	0.6519185856834838	-0.25539316261624906	0.3724553108015022	-1.3644381736253501
"Oldsmobile"	"Cutlass"	1.112	11.24	0	18.145	3.1	150	107	69.4	192	3.102	15.2	25	0.10616019582839072	-0.5965900687006496	-0.5926187754015971	-0.6442292547622687	0.037431151878070335	-0.6340126017718813	-0.06375607475308216	-0.5069713099816929	0.3466717867060646	-0.43778761446266395	-0.7078134790928926	0.27003715826500485
"Oldsmobile"	"Intrigue"	38.554		0	24.15	3.5	215	109	73.6	195.9	3.455	18		3.6520598559754		-0.5926187754015971	-0.22581055966010483	0.42033342682749936	0.5123653907329128	0.19797939002271256	0.7097598339743865	0.6370284979284886	0.12208405077024369	0.012365714170037557	
"Oldsmobile"	"Alero"	80.255		0	18.27	2.4	150	107	70.1	186.7	2.958	15	27	4.385209065365181		-0.5926187754015971	-0.6355194567792927	-0.6326478292834308	-0.6340126017718813	-0.06375607475308216	-0.3041827859890157	-0.04791553880133245	-0.6661771889486087	-0.7592548500402445	0.7370301102336777
"Oldsmobile"	"Aurora"	14.69	19.89	0	36.229	4	250	113.8	74.4	205.4	3.967	18.5	22	2.6871669901857858	0.15864523337791284	-0.5926187754015971	0.6158346390308257	0.8989612705142858	1.1296458482354943	0.8261445054846195	0.9415181471088817	1.3443076662908024	0.9341358711647155	0.1409691415384179	-0.43045226968800443
"Oldsmobile"	"Bravada"	20.017	19.925	1	31.598	4.3	190	107	67.8	181.2	4.068	17.5	19	2.996581912508569	0.16170109876204578	1.6766775108923242	0.29315404335753326	1.1861379767263573	0.0714507782310689	-0.06375607475308216	-0.9704879362506792	-0.4573929520637247	1.094325781047218	-0.11623771319834279	-1.1309416976410136
"Oldsmobile"	"Silhouette"	24.361	15.24	1	25.345	3.4	185	120	72.2	201.4	3.948	25	22	3.192983492902251	-0.24734831051403114	1.6766775108923242	-0.14254489094285488	0.324607858090142	-0.016732144269299868	1.6375244462895835	0.3041827859890281	1.046505911190881	0.9040011356422641	1.8128136973273625	-0.43045226968800443
"Plymouth"	"Neon"	32.734	7.75	0	12.64	2	132	105	74.4	174.4	2.559	12.5	29	3.488414293083692	-0.9013035027184743	-0.5926187754015971	-1.0278087579325288	-1.0155501042328599	-0.9514711227732089	-0.3254915395288769	0.9415181471088817	-0.9636559357335903	-1.2990066349200817	-1.4022719868821463	1.2040230622023504
"Plymouth"	"Breeze"	5.24	9.8	0	16.08	2	132	108	71	186.3	2.942	16	27	1.6563214983329508	-0.7223171016478322	-0.5926187754015971	-0.7881151174410311	-1.0155501042328599	-0.9514711227732089	0.0671116576348152	-0.04345468371271065	-0.07769571431132292	-0.6915538083359359	-0.5020479953034839	0.7370301102336777
"Plymouth"	"Voyager"	24.155	12.025	1	18.85	2.4	150	113.3	76.8	186.3	3.528	20	24	3.18449139800637	-0.5280513736565258	1.6766775108923242	-0.5951059941382842	-0.6326478292834308	-0.6340126017718813	0.7607106392906708	1.636793086512355	-0.07769571431132292	0.23786487672492415	0.526779423643559	0.036540682280668424
"Plymouth"	"Prowler"	1.872		0	43	3.5	253	113.3	76.3	165.4	2.85	12	21	0.6270073780554004		-0.5926187754015971	1.0876269761726662	0.42033342682749936	1.1825556017357155	0.7607106392906708	1.4919441408032976	-1.633709884708414	-0.8374693698130676	-1.5308754142505268	-0.6639487456723409
"Pontiac"	"Sunfire"	51.645	13.79	0	21.61	2.4	150	104.1	68.4	181.9	2.906	15	27	3.944393385458597	-0.3739484478566804	-0.5926187754015971	-0.40279365467417577	-0.6326478292834308	-0.6340126017718813	-0.44327249867798524	-0.7966692013998078	-0.4052776449212372	-0.7486512019574222	-0.7592548500402445	0.7370301102336777
"Pontiac"	"Grand Am"	131.097	10.29	0	19.72	3.4	175	107	70.4	186.3	3.091	15.2	25	4.875937507212633	-0.6795349862699716	-0.5926187754015971	-0.5344858001767719	0.324607858090142	-0.19309798927003743	-0.06375607475308216	-0.21727341856357796	-0.07769571431132292	-0.4552340402914509	-0.7078134790928926	0.27003715826500485
"Pontiac"	"Firebird"	19.911	17.805	0	25.31	3.8	200	101.1	74.5	193.4	3.492	16.8	25	2.9912723428318975	-0.023397033076862105	-0.5926187754015971	-0.14498363437808814	0.707510133039571	0.24781662323180645	-0.8358756958416773	0.9704879362506915	0.45090240099103757	0.18076748310343782	-0.2962825115140751	0.27003715826500485
"Pontiac"	"Grand Prix"	92.364	14.01	0	21.665	3.8	195	110.5	72.7	196.5	3.396	18	25	4.525737292340181	-0.3547401511564164	-0.5926187754015971	-0.39896134356166635	0.707510133039571	0.15963370073143768	0.3942809886045586	0.4490317316980855	0.6816987611934765	0.028507766779474215	0.012365714170037557	0.27003715826500485
"Pontiac"	"Bonneville"	35.945	13.225	0	23.755	3.8	205	112.2	72.6	202.5	3.59	17.5	24	3.581989992435835	-0.42327884620054024	-0.5926187754015971	-0.25333352128630876	0.707510133039571	0.3359995457321752	0.6167561336639845	0.42006194255627155	1.128401393843359	0.33619927685081696	-0.11623771319834279	0.036540682280668424
"Pontiac"	"Montana"	39.572		1	25.635	3.4	185	120	72.7	201.3	3.942	25	23	3.6781217974609763		1.6766775108923242	-0.12233815962235052	0.324607858090142	-0.016732144269299868	1.6375244462895835	0.4490317316980855	1.0390608673133832	0.8944849033720168	1.8128136973273625	-0.196955793703668
"Porsche"	"Boxter"	8.982	41.25	0	41.43	2.7	217	95.2	70.1	171	2.778	17	22	2.195222574665546	2.023596222094455	-0.5926187754015971	0.9782319135064884	-0.3454711230713587	0.5476385597330603	-1.6079953169302705	-0.3041827859890157	-1.2167874275685242	-0.9516641570560403	-0.24484114056672315	-0.43045226968800443
"Porsche"	"Carrera Coupe"	1.28	60.625	0	71.02	3.4	300	92.6	69.5	174.5	3.032	17	21	0.2468600779315258	3.7152359883108885	-0.5926187754015971	3.0400152920365513	0.324607858090142	2.011475073239182	-1.948251421138805	-0.478001520839883	-0.9562108918560926	-0.5488103242822203	-0.24484114056672315	-0.6639487456723409
"Porsche"	"Carrera Cabriolet"	1.866	67.55	0	74.97	3.4	300	92.6	69.5	174.5	3.075	17	23	0.6237971024251522	4.319860782171472	-0.5926187754015971	3.315244908298591	0.324607858090142	2.011475073239182	-1.948251421138805	-0.478001520839883	-0.9562108918560926	-0.4806106596787782	-0.24484114056672315	-0.196955793703668
"Saab"	"9-5"	9.191		0	33.12	2.3	170	106.4	70.6	189.2	3.28	18.5	23	2.2182247443759726		-0.5926187754015971	0.39920454359824814	-0.7283733980207882	-0.2812809117704062	-0.14227671418581983	-0.15933384027995826	0.13821055813611857	-0.15547272377864846	0.1409691415384179	-0.196955793703668
"Saab"	"9-3"	12.115		0	26.1	2	185	102.6	67.4	182.2	2.99	16.9	23	2.494444354268489		-0.5926187754015971	-0.08993771112568005	-1.0155501042328599	-0.016732144269299868	-0.6395740972598313	-1.0863670928179228	-0.3829425132887443	-0.6154239501739541	-0.2705618260403996	-0.196955793703668
"Saturn"	"SL"	80.62	9.2	0	10.685	1.9	100	102.4	66.4	176.9	2.332	12.1	33	4.38974675768902	-0.7747033653758251	-0.5926187754015971	-1.1640299983862723	-1.1112756729702171	-1.5158418267755691	-0.6657476437374092	-1.3760649842360377	-0.7775298387961392	-1.6590374224777875	-1.5051547287768507	2.1380089661396964
"Saturn"	"SC"	24.546	10.59	0	12.535	1.9	100	102.4	66.4	180	2.367	12.1	33	3.2005489081753167	-0.6533418544059751	-0.5926187754015971	-1.0351249882382285	-1.1112756729702171	-1.5158418267755691	-0.6657476437374092	-1.3760649842360377	-0.5467334785937004	-1.603526067568009	-1.5051547287768507	2.1380089661396964
"Saturn"	"SW"	5.223	10.79	0	14.29	1.9	124	102.4	66.4	176.9	2.452	12.1	31	1.6530719494541617	-0.6358797664966442	-0.5926187754015971	-0.9128394245572464	-1.1112756729702171	-1.092563798773799	-0.6657476437374092	-1.3760649842360377	-0.7775298387961392	-1.468712777072833	-1.5051547287768507	1.6710160141710233
"Saturn"	"LW"	8.472		0	18.835	2.2	137	106.5	69	190.4	3.075	13.1	27	2.1367666082991055		-0.5926187754015971	-0.5961511698962414	-0.8240989667581451	-0.8632882002728401	-0.12918994094703085	-0.6228504665489405	0.22755108466609636	-0.4806106596787782	-1.24794787404009	0.7370301102336777
"Saturn"	"LS"	49.989		0	15.01	2.2	137	106.5	69	190.4	2.91	13.1	28	3.911802981224596		-0.5926187754015971	-0.8626709881753051	-0.8240989667581451	-0.8632882002728401	-0.12918994094703085	-0.6228504665489405	0.22755108466609636	-0.7423070471105904	-1.24794787404009	0.9705265862180141
"Subaru"	"Outback"	47.107		0	22.695	2.5	165	103.5	67.5	185.8	3.415	16.9	25	3.8524216099370574		-0.5926187754015971	-0.32719260818194457	-0.5369222605460734	-0.36946383427077495	-0.5217931381107229	-1.0573973036761128	-0.11492093369881314	0.05864250230192552	-0.2705618260403996	0.27003715826500485
"Subaru"	"Forester"	33.028		1	20.095	2.5	165	99.4	68.3	175.2	3.125	15.9	24	3.4973556865551823		1.6766775108923242	-0.5083564062278441	-0.5369222605460734	-0.36946383427077495	-1.0583508409011013	-0.8256389905416217	-0.9040955847136072	-0.4013087240933808	-0.5277686807771599	0.036540682280668424
"Toyota"	"Corolla"	142.535	10.025	0	13.108	1.8	120	97	66.7	174	2.42	13.2	33	4.959587583585604	-0.7026722527498349	-0.5926187754015971	-0.9951992742842668	-1.2070012417075744	-1.163110136774094	-1.3724333986320558	-1.289155616810604	-0.9934361112435829	-1.5194660158474875	-1.222227188566414	2.1380089661396964
"Toyota"	"Camry"	247.994	13.245	0	17.518	2.2	133	105.2	70.1	188.5	2.998	18.5	27	5.513404552323927	-0.42153263740960717	-0.5926187754015971	-0.6879176014448758	-0.8240989667581451	-0.9338345382731351	-0.299317993051297	-0.3041827859890157	0.08609525099363313	-0.6027356404802905	0.1409691415384179	0.7370301102336777
"Toyota"	"Avalon"	63.849	18.14	0	25.545	3	210	107.1	71.7	191.9	3.417	18.5	26	4.156520920648776	0.005851964171267265	-0.5926187754015971	-0.1286092141700932	-0.05829441685928703	0.424182468232544	-0.050669301514293164	0.1593338402799706	0.33922674282856696	0.06181457972534107	0.1409691415384179	0.5035336342493413
"Toyota"	"Celica"	33.269	15.445	0	16.875	1.8	140	102.4	68.3	170.5	2.425	14.5	31	3.504626032470155	-0.22944967040696695	-0.5926187754015971	-0.7327208022693041	-1.2070012417075744	-0.8103784467726188	-0.6657476437374092	-0.8256389905416217	-1.2540126469560142	-1.511535822288948	-0.8878582774086249	1.6710160141710233
"Toyota"	"Tacoma"	84.087	9.575	1	11.528	2.4	142	103.3	66.5	178.7	2.58	15.1	23	4.431851977147038	-0.7419619505458296	1.6766775108923242	-1.1052911207890825	-0.6326478292834308	-0.7751052777724714	-0.5479666845883028	-1.3470951950942278	-0.6435190490011757	-1.2656998219742148	-0.7335341645665686	-0.196955793703668
"Toyota"	"Sienna"	65.119		1	22.368	3	194	114.2	73.4	193.5	3.759	20.9	22	4.17621636531102		1.6766775108923242	-0.34997743970540973	-0.05829441685928703	0.14199711623136393	0.8784915984397792	0.6518202556907668	0.4583474448685352	0.604239819129461	0.7582655929066432	-0.43045226968800443
"Toyota"	"RAV4"	25.106	13.325	1	16.888	2	127	94.9	66.7	163.8	2.668	15.3	27	3.2231068613960168	-0.4145478022458748	1.6766775108923242	-0.7318149832790745	-1.0155501042328599	-1.0396540452735776	-1.6472556366466395	-1.289155616810604	-1.7528305867483822	-1.126128415343915	-0.6820927936192162	0.7370301102336777
"Toyota"	"4Runner"	68.411	19.425	1	22.288	2.7	150	105.3	66.5	183.3	3.44	18.5	23	4.225533630412012	0.11804587898871846	1.6766775108923242	-0.3555517104145142	-0.3454711230713587	-0.6340126017718813	-0.28623121981250804	-1.3470951950942278	-0.30104703063626415	0.09829347009462419	0.1409691415384179	-0.196955793703668
"Toyota"	"Land Cruiser"	9.835	34.08	1	51.728	4.7	230	112.2	76.4	192.5	5.115	25.4	15	2.2859474518410225	1.3975803705449417	1.6766775108923242	1.6957799105359779	1.5690402516757869	0.7769141582340191	0.6167561336639845	1.5209139299451115	0.3838970060935548	2.7549083122054454	1.9156964392220663	-2.0649276015783595
"Volkswagen"	"Golf"	9.761	11.425	0	14.9	2	115	98.9	68.3	163.3	2.767	14.5	26	2.278394854192828	-0.5804376373845185	-0.5926187754015971	-0.8703356104003238	-1.0155501042328599	-1.2512930592744627	-1.12378470709505	-0.8256389905416217	-1.7900558061358725	-0.969110582884828	-0.8878582774086249	0.5035336342493413
"Volkswagen"	"Jetta"	83.721	13.24	0	16.7	2	115	98.9	68.3	172.3	2.853	14.5	26	4.4274898420836255	-0.42196918960734037	-0.5926187754015971	-0.7449145194454705	-1.0155501042328599	-1.2512930592744627	-1.12378470709505	-0.8256389905416217	-1.1200018571610486	-0.8327112536779436	-0.8878582774086249	0.5035336342493413
"Volkswagen"	"Passat"	51.102	16.725	0	21.2	1.8	150	106.4	68.5	184.1	3.043	16.4	27	3.933823635386999	-0.11769230778724894	-0.5926187754015971	-0.4313617920583368	-1.2070012417075744	-0.6340126017718813	-0.14227671418581983	-0.767699412257998	-0.2414866796162811	-0.5313638984534327	-0.39916525340877995	0.7370301102336777
"Volkswagen"	"Cabrio"	9.569	16.575	0	19.99	2	115	97.4	66.7	160.4	3.079	13.7	26	2.258528706797126	-0.13078887371924733	-0.5926187754015971	-0.5156726365335439	-1.0155501042328599	-1.2512930592744627	-1.320086305676896	-1.289155616810604	-2.005962078583316	-0.4742665048319464	-1.0936237611980337	0.5035336342493413
"Volkswagen"	"GTI"	5.596	13.76	0	17.5	2	115	98.9	68.3	163.3	2.762	14.6	26	1.7220520568032347	-0.37656776104308	-0.5926187754015971	-0.6891718123544244	-1.0155501042328599	-1.2512930592744627	-1.12378470709505	-0.8256389905416217	-1.7900558061358725	-0.9770407764433676	-0.862137591934949	0.5035336342493413
"Volkswagen"	"Beetle"	49.463		0	15.9	2	115	98.9	67.9	161.1	2.769	14.5	26	3.9012249153286334		-0.5926187754015971	-0.8006572265365164	-1.0155501042328599	-1.2512930592744627	-1.12378470709505	-0.9415181471088653	-1.9538467714408305	-0.9659385054614118	-0.8878582774086249	0.5035336342493413
"Volvo"	"S40"	16.957		0	23.4	1.9	160	100.5	67.6	176.6	2.998	15.8	25	2.8306807279249906		-0.5926187754015971	-0.2780693475579604	-1.1112756729702171	-0.45764675677114375	-0.914396335274415	-1.028427514534303	-0.7998649704286342	-0.6027356404802905	-0.5534893662508358	0.27003715826500485
"Volvo"	"V40"	3.545		0	24.4	1.9	160	100.5	67.6	176.6	3.042	15.8	25	1.2655381599840907		-0.5926187754015971	-0.20839096369415294	-1.1112756729702171	-0.45764675677114375	-0.914396335274415	-1.028427514534303	-0.7998649704286342	-0.5329499371651412	-0.5534893662508358	0.27003715826500485
"Volvo"	"S70"	15.245		0	27.5	2.4	168	104.9	69.3	185.9	3.208	17.9	25	2.724251580440218		-0.5926187754015971	0.007612026283650309	-0.6326478292834308	-0.3165540807705537	-0.33857831276766587	-0.5359410991235068	-0.1074758898213155	-0.26966751102162045	-0.01335497130363888	0.27003715826500485
"Volvo"	"V70"	17.531		0	28.8	2.4	168	104.9	69.3	186.2	3.259	17.9	25	2.863970742371737		-0.5926187754015971	0.09819392530660008	-0.6326478292834308	-0.3165540807705537	-0.33857831276766587	-0.5359410991235068	-0.08514075818882266	-0.1887795367245153	-0.01335497130363888	0.27003715826500485
"Volvo"	"C70"	3.493		0	45.5	2.3	236	104.9	71.5	185.7	3.601	18.5	23	1.250760965824695		-0.5926187754015971	1.2618229358321849	-0.7283733980207882	0.8827336652344616	-0.33857831276766587	0.10139426199634681	-0.12236597757631286	0.35364570267960466	0.1409691415384179	-0.196955793703668
"Volvo"	"S80"	18.969		0	36	2.9	201	109.9	72.1	189.8	3.6	21.1	24	2.942806067744586		-0.5926187754015971	0.5998782891260138	-0.1540199855966444	0.2654532077318802	0.31576034917182094	0.2752129968472141	0.18288082140110853	0.35205966396789684	0.8097069638539961	0.036540682280668424
